0 0.2854764344262295 0.1627390710382514 0.07524334016393441 0.09285348360655736 0.28107389856557374 0.12324965846994539 2 0.0 0.0 0
0 0.38233222336065575 0.3791303790983607 0.10646132172131151 0.10512721994535527 0.3763287653688524 0.3335040983606558 2 0.0 0.0 0
0 0.3271004098360656 0.5208119877049181 0.14888575819672134 0.19851434426229506 0.3847336065573771 0.437564036885246 1 0.27587090163934425 0.5848488729508198 2
0 0.47198386270491804 0.47598616803278687 0.11926869877049173 0.15048668032786883 0.510405993852459 0.4119492827868853 1 0.0 0.0 0
0 0.3451107838114754 0.6731664105191258 0.11366547131147536 0.17770235655737698 0.0 0.0 0 0.3046875 0.7054516734972678 2
0 0.4501712986680328 0.6416816086065574 0.1484855276639344 0.22252817622950824 0.398741675204918 0.5368212090163935 1 0.4979988473360656 0.7145235655737706 1
0 0.5258148693647541 0.6096631659836067 0.09725601946721318 0.1510203210382514 0.5528304303278688 0.5453594603825137 2 0.0 0.0 0
0 0.7231285220286885 0.7809618340163934 0.17890304815573776 0.25668118169398907 0.733734631147541 0.6750341530054645 2 0.0 0.0 0
0 0.5484278944672131 0.7951033128415301 0.15929175204918034 0.22626366120218577 0.6136654713114754 0.7171917691256832 1 0.503602074795082 0.8527365095628415 2
0 0.376128650102459 0.8535369706284154 0.16849705430327866 0.23426827185792357 0.3903368340163934 0.7321337090163934 1 0.3515144723360656 0.9498591188524591 2
